[[1, 2 ,3, 2.5],
[2.0, 5.0, 1.0, 2.0], 
[1.5, 2.7, 3.3, 0.8]]                             


[[ 1.07581312 10.39835225  2.44624108  3.1821498   1.88510534]
 [-0.54689248  9.99318816  1.55141112  4.71350256  4.52378024]
 [ 0.74971149  9.15984037  3.4067404   3.73463061  4.69142502]]
[[ -7.34974682  20.60603864  -9.89596856]
 [ -3.03971479  13.80388398 -12.41994087]
 [ -7.23369955  11.92884192  -7.67180524]]
[[ 35.21985288 -14.48932599  -6.18066448 -22.68950511  14.00408627
  -26.20769493   3.05978549   0.36586684]
 [ 21.64771481  -4.43074276   4.96136328 -15.76605714   6.33144431
  -19.91689666  -2.37687571   0.70390111]
 [ 19.17126923 -11.06031592  -4.86579348 -11.92638342   8.17524813
  -12.17732237   5.41373244   6.52716241]]                                             